Test set results: 
	 loss= 2.69076, accuracy= 0.85980, time= 3.39745
Test Precision, Recall and F1-Score...
              precision    recall  f1-score   support

           0     0.9050    0.8662    0.8852       396
           1     0.8338    0.8208    0.8272       385
           2     0.9890    0.9601    0.9744       376
           3     0.9531    0.9698    0.9614       398
           4     0.9235    0.9444    0.9338       396
           5     0.7372    0.8149    0.7741       389
           6     0.9267    0.8939    0.9100       396
           7     0.8821    0.9397    0.9100       398
           8     0.7224    0.7832    0.7515       392
           9     0.9293    0.9597    0.9442       397
          10     0.7985    0.8929    0.8431       364
          11     0.9747    0.9674    0.9711       399
          12     0.8277    0.8066    0.8170       393
          13     0.8624    0.8056    0.8331       319
          14     0.8967    0.9036    0.9001       394
          15     0.8502    0.6774    0.7540       310
          16     0.8643    0.7899    0.8254       395
          17     0.7850    0.8615    0.8215       390
          18     0.7820    0.7284    0.7543       394
          19     0.7254    0.7052    0.7152       251

    accuracy                         0.8598      7532
   macro avg     0.8585    0.8546    0.8553      7532
weighted avg     0.8614    0.8598    0.8595      7532

Macro average Test Precision, Recall and F1-Score...
(0.8584505248311907, 0.8545637065969711, 0.8553280719972726, None)
Micro average Test Precision, Recall and F1-Score...
(0.859798194370685, 0.859798194370685, 0.859798194370685, None)
Embeddings:
Word_embeddings:42757
Train_doc_embeddings:11314
Test_doc_embeddings:7532
Word_embeddings:
[[0.17169689 0.08897497 0.3294242  ... 0.314279   0.41348055 0.07116025]
 [0.         0.16613013 0.08992149 ... 0.26013047 0.06986273 0.        ]
 [0.2103123  0.04299831 0.01402978 ... 0.00765561 0.         0.23625939]
 ...
 [0.09976981 0.14448078 0.2756555  ... 0.18727018 0.20954612 0.18460338]
 [0.2593649  0.15201467 0.38917205 ... 0.22219028 0.21768627 0.32493082]
 [0.00204932 0.1480875  0.25539032 ... 0.06442817 0.09469895 0.29727882]]
